26 32
EVR141 MON091 UPR029 EVR140
UPR005 UPR194 EVR139 MON103 UPR205 UPR203 EVR140 DYN229 UPR032 UPR194 MON092 UPR029 EVR143 UPR032 EVR143 UPR032 UPR023 UPR023 UPR005 WTR159 EVR147 UPR203 MON103 UPR194 EVR142 ARC159 EVR141 UPR029 MON092 EVR139 DYN229 DYN229 UPR203 UPR205 WTR159 MON092 WTR159 EVR149
UPR001 2 0 0 0 1 0 0 0 2 MON088 2 0 0 0 1 0 0 0 2 UPR182 0 0 0 0 1 0 0 0 2 WTR150 2 3 0 0 1 0 0 0 2 ARC157 2 0 0 0 1 0 0 0 2 ARC154 2 0 0 0 1 0 0 0 2
0 0


EVR141 2 0 0 0 1 119 2 2
UPR182 UPR023 MON103 EVR147 ARC159 ARC159 EVR147 EVR142 EVR139 UPR005 EVR142 MON091 UPR205 EVR149 EVR149 EVR143 MON091 EVR140


0 0 0 0 0 0 0 0 DOWN 0 -1 0 0 0 0 0 0 -1 0 0 0 0 NA 0 0 0 - -1 0 0 0 0 0 0 - 0 0 0 0 0 0 - 0 - - 0 -1 0 0 0 0 0 - 0 0 0 0 0 -1 0 - 0 0 - 0 0


EVR142 1 1 0 UPR182 0 1 0 UPR023 1 0 0 DYN229 0 0 2 MON103 1 0 0 EVR147 0 2 0 ARC159 1 1 0 WTR150 1 0 0 UPR203 0 0 1 EVR139 0 1 0 EVR143 1 0 0 UPR005 0 1 0 MON092 0 0 1 WTR159 0 0 1 UPR205 0 1 1 MON091 0 2 0 EVR149 1 1 1 EVR140 0 1 0 EVR141 1 0 0
0 0 1 0 0 0 0 0 2 2 0 0 0 0 2 0 2 2 5 1 0 3 0 0 6 0 1 0 1 3 2 0 0 8 1 0 0 0 1 0 0 1 0 0 0 3 0 0 0 0 0 0 3 2 3 2 0 7 0 0 8 8 1 0 1 3 3 0 0 8 1 0 0 0 1 0 0 0 0 0 0 0 0 0 0 0 0 0 0 0 0 0 0 0 0 0

UPR043 UPR043 UPR043 UPR043
1 1 0 0 0 0 0 1 0 0 0 0 0 0 0 0 0 0 0 0 8 1 0 0
UPR017 UPR012 UPR010 UPR015
UPR005 UPR017 UPR015 UPR011 UPR014 ARC191 UPR033 MON246 UPR005 UPR012 WTR173 ARC159 UPR011 WTR159 UPR010 WTR167 UPR015 UPR018 UPR036 ARC159 UPR009 UPR092 UPR092 UPR024 WTR173 UPR096 EVR139 WTR215 UPR033 UPR017 WTR167 UPR009 UPR018 MON246 UPR024 UPR018 WTR173 UPR096 UPR101 UPR012
UPR001 2 0 0 0 1 0 0 0 2 UPR003 2 0 0 0 1 0 0 0 2 UPR182 2 0 0 0 1 0 0 0 2 UPR084 2 0 0 0 1 0 0 0 2 OUT177 2 0 0 0 1 0 0 0 2 WTR154 2 0 0 0 1 0 0 0 2
0 0
UPR005 DOWN 1 0 0 117


UPR033 ARC159 ARC191 UPR009 EVR139 EVR139 ARC191 WTR167 WTR159 UPR010 WTR159 UPR024 UPR036 UPR096


0 0 0 0 0 0 0 0 DOWN 0 -1 0 0 0 0 0 0 -1 0 0 0 0 NA 0 0 0 - -1 0 0 0 0 0 0 - 0 0 0 0 0 0 - 0 - - 0 -1 0 0 0 0 0 - 0 0 0 0 0 -1 0 - 0 0 - 0 0


UPR033 1 0 0 UPR015 0 0 2 UPR084 5 0 0 UPR042 0 0 0 ARC159 1 0 0 ARC191 2 0 0 UPR011 1 0 1 UPR009 1 0 1 UPR409 0 0 0 EVR139 0 2 0 WTR167 1 0 0 WTR159 2 0 0 UPR010 1 0 0 UPR410 0 0 0 UPR024 1 0 1 UPR036 1 0 0 UPR096 1 0 0 UPR012 0 0 1 UPR101 0 0 1 UPR411 0 0 0
9 7 2 0 2 0 4 0 0 0 0 0 5 2 2 0 1 0 1 1 0 0 0 0 8 1 2 0 0 2 0 0 0 6 0 0 5 2 2 0 1 0 1 1 0 0 0 0 9 2 2 0 1 0 1 1 0 0 0 0 7 0 3 0 2 0 3 1 0 0 0 0 0 0 0 0 0 0 0 0 4 0 0 0 0 0 0 0 0 0 0 0 0 0 0 0
UPR042 2 1 0 UPR043 102 0 0 1 UPR411 2 2 0 UPR043 109 0 0 1
UPR043
0 1 0 0 0 0 0 0 0 0 0 0 0 0 0 0 0 0 1 0 60 1 0 0

0
1
1
8
M 1   EQUIP
1

0 -1 0 0 0 0 0 GY NA 0 0 0 0 0 0 0 NA 0 0 -1 -1 NA 0 0 0 -1 0 0 0 0 - 0 0 0 0




0 0
0 M 1  - - 0 0 -1

1 1
1

0

121c0d0983b2cdd88ffc50828d9e3b956b0e8d2fd3238e1a01470e205607831d
d0e5093255ad08f66903fc8a4945619ea5c934b46f39bc0c1d40db21a82b09df
2
1

0


306
8045
1683471485


EVR141
