1 11  6 0 
1 10  0 0 
1 27  3 0 
1 3  10 0 
1 3  10 0 
1 17 Add_a_steam_counter  0 
1 3  10 0 
1 17 Attack  0 
1 10  0 0 
1 99 0  0 
1 10  0 0 
1 27  0 0 
1 3  10 0 
1 27  1 0 
1 3  10 0 
1 17 Attack  0 
1 99 0  0 
1 99 0  0 
1 6  EVR073 0 
1 6  DYN090 0 
1 4  ARC006 0 
1 99 0  0 
1 99 0  0 
1 5  0 0 
1 27  2 0 
1 27  2 0 
1 20 YES  0 
1 99 0  0 
1 20 YES  0 
1 27  2 0 
1 20 YES  0 
1 99 0  0 
1 27  1 0 
1 20 YES  0 
1 99 0  0 
1 3  10 0 
1 3  10 0 
1 17 Attack  0 
1 99 0  0 
1 3  10 0 
1 3  10 0 
1 17 Attack  0 
1 99 0  0 
1 3  10 0 
1 99 0  0 
1 10000   0 
1 3  10 0 
1 3  10 0 
1 17 Attack  0 
1 99 0  0 
1 3  10 0 
1 3  10 0 
1 17 Attack  0 
1 10  0 0 
1 99 0  0 
1 3  10 0 
1 27  0 0 
1 3  10 0 
1 17 Attack  0 
1 99 0  0 
1 100005   0 
1 100006   0 
1 99 0  0 
1 6  EVR076 0 
1 100005   0 
1 100006   0 
1 27  1 0 
1 10000   0 
1 100005   0 
1 6  ARC028 0 
1 99 0  0 
1 99 0  0 
1 100005   0 
1 100006   0 
1 100002 0  0 
1 100000 0  0 
1 11  1 0 
1 3  10 0 
1 27  2 0 
1 20 NO  0 
1 10000   0 
1 3  10 0 
1 17 Add_a_steam_counter  0 
1 3  10 0 
1 17 Add_a_steam_counter  0 
1 27  2 0 
1 99 0  0 
1 99 0  0 
1 100002 0  0 
1 10000   0 
1 4  ARC009 0 
1 99 0  0 
1 99 0  0 
1 100005   0 
1 100006   0 
1 100005   0 
