20 1000
CRU111 ARC009 ARC028
ARC008 EVR075 ARC031 ARC029 ARC023 ARC025 DYN091 CRU109 ARC027 EVR076 ARC025 ARC029 EVR072 EVR073 ARC007 EVR074 EVR072 ARC030 ARC026 ARC026 DYN091 ARC010 EVR073 EVR075 EVR076 ARC028 CRU111 EVR074 ARC023 ARC008 ARC006 ARC030 ARC027 CRU109 DYN090 ARC031
ARC002 2 0 0 0 1 0 0 0 2 ARC003 2 1 0 0 1 0 0 0 2 CRU102 2 0 0 0 1 0 0 0 2 ARC152 2 0 0 0 1 0 0 0 1 WTR153 2 0 0 0 1 0 0 0 2 ARC005 2 0 0 0 1 0 0 0 2
2 0

ARC007 1 2 1 1 0 0




0 0 0 0 0 0 0 3 DOWN -1 -1 0 0 0 0 0 0 7 0 0 0 0 NA 0 0 0 - -1 0 0 0 0 0 0 - 0 0 0 0 0 0 - 0 0 - 0 -1 0 0 0 0 0 - 0 0 0 0 0 7 3 - 0 0 - 0 0


ARC003 3 0 0 ARC031 0 0 1
0 0 0 0 1 0 3 0 0 0 0 0


4 1 1 1 0 0 0 0 1 0 0 0 2 1 0 0 0 1 4 0 8 1 0 3


DUMMY 2 0 0 0 1 0 0 0 2 ROGUE002 2 0 0 0 1 0 0 0 2
0 0






0 0 0 0 0 0 0 0 DOWN 0 -1 0 0 0 0 0 0 -1 0 0 0 0 NA 0 0 0 - -1 0 0 0 0 0 0 - 0 0 0 0 0 0 - 0 - - 0 -1 0 0 0 0 0 - 0 0 0 0 0 -1 0 - 0 0 - 0 0



0 0 0 0 0 0 0 0 0 0 0 0


4 1 0 0 0 0 0 1 0 0 0 0 0 0 0 0 0 0 0 0 0 0 0 8

0
1
1
1
ARS 1  ARC003 EQUIP
1

0 -1 0 0 0 0 0 GY NA 0 0 0 0 0 0 0 NA 0 0 -1 -1 NA 0 0 0 -1 0 0 0 0 - 0 0 0 0




ARC007
0 M 1  - - 0 0 -1

0 0
1
ARC003 1 Add_a_steam_counter -
0

01e587f24e899106508a16e44db3e7f958d435043d3c40bf701dbc3548a08e8b
eb7f798d7c5d9158d09000e97428e4d970e2976d93a8342661443ee239431397
7
1

0


24
0
1682858801


ARC003
