20 1000
DYN090 ARC006 EVR073 ARC025
EVR076 EVR075 ARC028 EVR073 EVR074 ARC023 ARC007 CRU109 EVR076 ARC030 ARC026 CRU111 ARC028 ARC029 ARC029 DYN091 EVR072 ARC023 ARC027 CRU111 ARC025 ARC027 ARC008 DYN091 EVR074 EVR075 ARC030 ARC007 EVR072 ARC031 ARC008 ARC009 ARC026 CRU109 ARC031
ARC002 2 0 0 0 1 0 0 0 2 ARC003 2 0 0 0 1 0 0 0 2 CRU102 2 0 0 0 1 0 0 0 2 ARC152 2 0 0 0 1 0 0 0 1 WTR153 2 0 0 0 1 0 0 0 2 ARC005 2 0 0 0 1 0 0 0 2
0 0

ARC010 0 2 1 1 2 2




0 0 0 0 0 0 0 0 DOWN 0 -1 0 0 0 0 0 0 -1 0 0 0 0 NA 0 0 0 - -1 0 0 0 0 0 0 - 0 0 0 0 0 0 - 0 - - 0 -1 0 0 0 0 0 - 0 0 0 0 0 -1 0 - 0 0 - 0 0



0 0 0 0 0 0 0 0 0 0 0 0


4 1 1 1 0 0 0 0 1 0 0 0 2 1 0 0 0 1 4 0 8 1 0 3
   

DUMMY 2 0 0 0 1 0 0 0 2 ROGUE002 2 0 0 0 1 0 0 0 2
0 0






0 0 0 0 0 0 0 0 DOWN 0 -1 0 0 0 0 0 0 -1 0 0 0 0 NA 0 0 0 - -1 0 0 0 0 0 0 - 0 0 0 0 0 0 - 0 - - 0 -1 0 0 0 0 0 - 0 0 0 0 0 -1 0 - 0 0 - 0 0



0 0 0 0 0 0 0 0 0 0 0 0


4 1 0 0 0 0 0 1 0 0 0 0 0 0 0 0 0 0 0 0 0 0 0 8

0
1
1
1
M 1 
1

0 0 0 0 0 0 0 GY NA 0 0 0 0 0 0 0 NA 0 0 -1 -1 NA 0 0 0 -1 0 0 0 0 - 0 0 0 0




ARC010
0 M 1 - - - 0 0 -1

0 0
1

0

01e587f24e899106508a16e44db3e7f958d435043d3c40bf701dbc3548a08e8b
eb7f798d7c5d9158d09000e97428e4d970e2976d93a8342661443ee239431397
1
1

0


3
0
1682785240


-
