2 9
WTR159 OUT029
OUT160 OUT013 DYN148 OUT172 DYN124 WTR159 OUT172 DYN131 ARC159 UPR221 DYN119 OUT028 WTR159 DYN148 DYN132 ARC200 WTR215 OUT028 OUT160 ARC200 OUT014 DYN120 DYN124 OUT162 DYN124 DYN131 ARC200 DYN132 DYN145 UPR221 OUT028 DYN132 UPR221 OUT000 OUT160
OUT001 2 0 0 0 1 0 0 0 2 OUT005 2 0 0 0 1 0 0 0 2 DYN115 2 0 0 0 1 0 0 0 2 DYN118 0 0 0 0 1 0 0 0 2 WTR150 2 3 0 -1 1 0 0 0 2 OUT139 0 0 0 0 1 0 0 0 2 DYN117 2 0 0 -1 1 0 0 0 2
0 0

EVR195 0 2 1 70 2 2

WTR215 DYN120 OUT013 OUT013 OUT162 OUT173 DYN118 DYN119 OUT029 OUT029 DYN133 DYN148 DYN131 DYN122 DYN145 OUT139 DYN145 DYN133 OUT173 OUT014 ARC159 WTR215 ARC159 DYN122 WTR161 DYN122 DYN120 OUT184


0 0 0 0 0 0 0 0 DOWN -1 -1 0 0 0 0 0 0 -1 0 0 0 0 NA 0 0 0 - 14 2 0 0 0 0 0 - 0 0 0 0 0 0 - 0 - - 0 -1 0 0 0 0 0 - 0 0 0 0 0 -1 0 - 0 0 - 0 0


WTR215 2 0 0 OUT184 0 2 0 DYN120 0 1 0 DYN115 1 0 0 DYN132 0 0 1 OUT028 1 0 0 OUT001 1 0 0 DYN117 0 1 0 DYN118 1 1 0 OUT013 0 1 0 OUT162 0 1 0 OUT173 2 0 0 DYN119 1 1 0 UPR221 0 0 1 OUT029 0 2 0 WTR150 1 0 0 DYN133 1 2 0 DYN148 1 0 0 DYN131 0 1 0 DYN122 0 3 0 DYN145 1 1 0 OUT139 0 1 0 OUT014 0 1 0 ARC159 1 1 0 OUT160 0 0 1 WTR161 0 1 0
0 0 0 1 0 2 0 0 0 9 1 0 7 7 1 1 1 2 2 1 0 10 0 0 4 4 1 0 1 2 1 0 0 6 0 0 8 8 2 0 0 3 1 0 0 10 0 0 4 4 1 1 0 3 0 0 0 12 0 0 2 2 0 1 0 0 0 0 0 4 0 0 6 6 1 0 1 4 2 0 0 11 1 0 0 0 0 0 0 2 0 0 0 6 2 0


0 1 0 0 0 0 0 1 0 0 0 0 0 0 0 0 0 0 1 0 0 1 0 4
ARC044 OUT120
CRU123 OUT115 OUT120 ARC069 OUT160 OUT115 ARC071 OUT118 DYN158 OUT115 DYN153 ARC071 ARC071 EVR090 CRU123 ELE171 ELE217 OUT160 DYN158 OUT120 ELE218
ELE031 1 0 0 0 0 0 0 0 2 ELE034 1 0 0 0 0 0 0 0 2 OUT096 2 0 0 0 1 0 0 0 2 ELE213 2 0 0 0 1 0 0 0 2 WTR150 2 1 0 0 1 0 0 0 2 ARC042 0 0 0 0 1 0 0 0 2 WTR154 0 0 0 0 1 0 0 0 2
1 0
ELE216 UP 1 0 0 172 ELE217 UP 1 0 0 185


ELE218 DYN156 OUT136 OUT136 CRU123 OUT136 EVR090 OUT188 ARC044 ELE216 DYN156 EVR090 WTR154 ARC042 DYN156 DYN153 ELE171 ELE217 OUT188 DYN153 ELE218 OUT138 ELE216 OUT160 OUT118 ARC044
ELE189 OUT138
ARC045 - 23 ARC045 - 43 OUT138 - 44 OUT188 - 45 ARC069 - 46 OUT118 - 47 ARC045 - 69 ELE189 - 94
0 0 0 0 0 0 0 3 UP -1 -1 1 0 0 0 0 0 184 0 0 0 0 ARC069 0 0 0 - 0 1 0 1 0 0 0 - 0 0 0 0 1 0 - 0 10 - 2 -1 0 0 0 0 0 - 0 0 0 0 0 7 5 ARC044,ARC069 0 0 - 0 0


ELE034 14 0 0 ARC071 0 0 1 ELE218 1 0 1 DYN156 3 0 0 ELE031 3 0 0 EVR090 2 0 1 OUT136 3 0 0 CRU123 1 0 1 ELE171 1 0 1 WTR150 2 0 0 OUT188 2 0 0 ARC044 2 0 0 ELE217 1 0 1 ELE216 2 0 0 OUT160 1 0 1 DYN158 0 0 1 OUT118 2 0 0 WTR154 1 0 0 ARC042 1 0 0 DYN153 2 0 0 OUT120 0 0 1 OUT138 1 0 1 ELE189 0 0 1 ARC069 1 0 0
8 0 2 0 1 0 2 1 0 0 0 0 10 0 2 0 2 0 3 0 0 0 0 0 11 5 2 0 1 0 4 0 0 0 0 0 17 7 5 0 2 0 3 1 1 0 0 0 21 9 4 0 1 0 3 0 0 0 0 0 15 11 4 0 1 0 3 0 1 0 0 0 13 3 4 0 1 0 4 0 0 0 0 0 6 2 2 0 2 0 3 0 0 0 0 0


1 1 0 0 0 0 0 1 0 0 0 0 5 0 0 0 0 1 1 0 12 1 0 0

0
2
2
8
M 1  ELE034 EQUIP
1

0 -1 0 0 0 0 0 GY NA 0 0 0 0 0 0 0 NA 0 0 -1 -1 NA 0 0 0 -1 0 0 0 0 - 0 0 0 0
ARC044 2 -1 1 ELE034-1 2 185 1



0
0 M 1 A - - 0 0 -1

1 1
2
ELE034 2 W -
1
ARC069 2 1 ARS 0 0 DYN133 1 1 HAND 0 0 DYN119 1 1 HAND 0 0
0 4 NONE RANGER Searing_Shot 0
4e76490aa4b8b223d02497727a006ee2053530309c3dc27a7c0eec2edb0e2e4b
d5b4074cd2c958ca1c1957ea122b7c2d28a2637d02824ee5538e13ecfb828705
0
1

0


0
2
1683383742


-
