1 11  39 0 
2 11  39 0 
1 3  20 0 
1 27  2 0 
2 10011  WTR126 0 
2 99 0  0 
1 99 0  0 
2 27  4 0 
2 27  3 0 
1 99 0  0 
2 99 0  0 
1 27  1 0 
2 10011  WTR126 0 
2 99 0  0 
1 99   0 
2 27  3 0 
1 100005   0 
1 100006   0 
1 3  0 0 
1 10000   0 
1 100005   0 
1 100006   0 
1 10000   0 
1 10000   0 
1 10000   0 
1 10000   0 
1 10000   0 
1 99 0  0 
2 99   0 
1 99   0 
1 4  WTR093 0 
2 3  10 0 
2 27  1 0 
1 10011  MON281 0 
1 27  4 0 
1 99   0 
2 99   0 
1 21  7 0 
1 16  3 0 
2 100005   0 
2 100006   0 
2 10000   0 
1 5  0 0 
2 10011  MON272 0 
2 99   0 
1 99   0 
2 99   0 
2 4  MON272 0 
1 99   0 
1 4  WTR094 0 
2 5  0 0 
1 100005   0 
1 100006   0 
1 10000   0 
2 5  0 0 
2 10000   0 
2 10011  MON125 0 
2 27  4 0 
2 27  3 0 
2 10000   0 
2 100005   0 
2 100006   0 
2 10011  MON092 0 
2 27  5 0 
2 27  4 0 
2 27  1 0 
2 27  0 0 
2 10000   0 
2 100005   0 
2 100006   0 
2 100005   0 
2 100006   0 
2 10011  ARC106 0 
2 27  6 0 
2 27  5 0 
2 99 0  0 
1 3  10 0 
1 27  3 0 
2 99 0  0 
1 99 0  0 
2 99 0  0 
2 10000   0 
1 100005   0 
1 100006   0 
1 3  10 0 
1 27  3 0 
2 99   0 
1 99   0 
2 99   0 
1 100005   0 
2 10000   0 
1 99   0 
1 100006   0 
2 27  1 0 
2 27  1 0 
1 99   0 
2 99   0 
1 99   0 
1 10000   0 
2 100005   0 
2 100006   0 
2 3  10 0 
2 10000   0 
2 100005   0 
2 100006   0 
2 3  10 0 
2 10000   0 
2 100005   0 
2 100006   0 
1 100000 0  0 
2 20 YES  0 
1 100005   0 
