12 27
WTR170 ARC119 WTR121 EVR127 OUT103 ARC035
ARC132 EVR123 DYN205 WTR170 ARC119 WTR160 ARC126 ARC132 ARC147 ARC134 ARC143 DYN208 CRU163 ARC121 CRU163 ARC121 ARC143 ARC118 ARC146 ARC134 ARC134 ARC118 CRU163 EVR123 DYN199 ARC119 CRU162 ARC122 DYN205 ARC146 CRU174 UPR175 WTR160 CRU174 ARC146 ARC126 ARC121 WTR160 ARC132 WTR170 UPR175 EVR185 UPR175 EVR127 DYN199 ARC143 DYN208 WTR120
ARC113 2 0 0 0 1 0 0 0 2 ARC115 2 0 0 0 1 0 0 0 2 ELE233 2 0 0 0 1 0 0 0 2 WTR150 2 3 0 0 1 0 0 0 2 CRU161 2 0 0 0 1 0 0 0 1 ARC116 2 0 0 0 1 0 0 0 2
0 0
EVR123 DOWN 1 0 0 40


ARC126 ARC122 ARC122 DYN205 DYN208 DYN199 CRU174 ARC118 EVR127 DYN221 WTR017


0 0 0 0 0 0 0 0 DOWN 0 -1 0 0 0 0 0 0 -1 0 0 0 0 NA 0 0 0 - -1 0 0 0 0 0 0 - 0 0 0 0 0 0 - 0 - - 0 -1 0 0 0 0 0 - 0 0 0 0 0 -1 0 - 0 0 - 0 0


ARC113 6 0 0 ARC132 0 0 1 WTR170 0 0 1 ARC115 2 0 0 ARC126 1 0 0 UPR175 0 0 2 EVR185 0 0 1 ARC122 2 0 0 EVR127 0 1 1 DYN199 1 0 1 DYN205 1 0 0 ARC143 0 0 1 DYN208 1 0 1 CRU174 1 0 0 ARC118 0 1 0 DYN221 1 0 0 WTR120 0 0 1 WTR017 1 0 0
9 9 0 6 8 0 22 0 0 0 0 0 4 4 1 0 1 2 2 1 1 6 3 0 0 0 0 0 0 0 0 0 4 0 0 0 0 0 1 0 1 0 1 0 3 0 0 0 0 0 1 0 0 0 0 0 4 0 0 0 0 0 0 0 0 0 0 0 0 0 0 0


0 1 0 1 0 0 0 1 0 0 0 0 0 0 0 0 0 1 0 0 24 1 0 0
MON140 WTR031 MON145 MON145
MON222 MON141 WTR014 MON222 WTR031 MON189 EVR011 MON140 MON135 MON135 MON135 EVR008 MON198 MON144 WTR031 MON223 MON145 EVR008 WTR014 DYN009 WTR008 DYN008 ARC160 CRU007 EVR002 EVR008 MON223 DYN008 WTR014 EVR002 WTR007 MON144 CRU007 MON124 DYN009 MON140 DYN009 DYN008 ARC160 EVR011 MON124 MON124 MON223 ARC160 MON141 MON222 EVR011 CRU007 MON123 MON191 WTR007 WTR120 DYN221 WTR208 WTR121
MON119 2 0 0 0 1 0 0 0 2 CRU004 2 0 0 0 1 0 0 0 2 CRU005 2 0 0 0 1 0 0 0 2 CRU006 2 0 0 0 1 0 0 0 2 DYN237 2 0 0 0 1 0 0 0 1 ARC157 2 0 0 0 1 0 0 0 2 WTR004 2 0 0 0 1 0 0 0 2
0 0
MON141 DOWN 1 0 0 34

DYN221 2 0 0 0 0 19 2 2
EVR002 MON144 WTR007


0 0 0 0 0 0 0 0 DOWN 0 -1 0 0 0 0 0 0 -1 0 0 0 0 NA 0 0 0 - -1 0 0 0 0 0 0 - 0 0 0 0 0 0 - 0 - - 0 -1 0 0 0 0 0 - 0 0 0 0 0 -1 0 - 0 0 - 0 0


WTR004 1 0 0 CRU005 1 0 0 CRU007 0 0 1 EVR002 1 0 0 MON123 0 0 1 CRU004 3 0 0 MON191 0 0 1 DYN221 1 0 1 WTR007 1 0 1 WTR120 0 0 1 WTR121 0 0 1 WTR208 0 0 1
11 11 1 0 2 0 4 0 0 0 0 0 3 0 0 0 1 0 2 1 5 0 0 0 0 0 1 0 1 0 1 1 4 0 0 0 3 2 0 0 2 0 2 0 3 0 0 0 5 5 1 0 2 0 3 2 2 0 0 0 0 0 0 0 0 0 0 0 0 0 0 0


0 1 0 1 0 0 0 1 0 0 0 0 0 0 0 0 0 0 0 0 4 1 0 0

0
2
1
6
M 1   EQUIP
1

0 -1 0 0 0 0 0 GY NA 0 0 0 0 0 0 0 NA 0 0 -1 -1 NA 0 0 0 -1 0 0 0 0 - 0 0 0 0




5 0
0 M 1  - - 0 0 -1

1 1
1

0

9f70544e1bd17b4f9bbcc3ac5039245503e98e206f8838c7e50157d8c75b9e85
bc144fa57ea4b148532fbdfb2eef01b7174bb032d41782b89dc61a1708ce9fd5
32
0

0


2996
3692
1682784667


-
