1 11  39 0 
2 11  39 0 
2 99 0  0 
2 10000   0 
2 26 0-1  0 
2 4  CRU066 0 
1 26 0-1  0 
1 99 0  0 
2 10000   0 
2 10000   0 
2 10000   0 
2 10000   0 
1 99   0 
2 99   0 
1 4  WTR093 0 
2 100005   0 
2 100006   0 
2 99 0  0 
2 10000   0 
1 99 0  0 
1 27  2 0 
1 99 0  0 
2 99 0  0 
2 99 0  0 
1 99 0  0 
2 99 0  0 
1 99 0  0 
2 99 0  0 
1 10000   0 
1 27  2 0 
1 99   0 
2 99   0 
2 99   0 
1 99   0 
2 99   0 
1 99   0 
2 99   0 
1 99 0  0 
2 99   0 
1 20 NO  0 
1 99   0 
2 99   0 
1 99 0  0 
2 99   0 
2 100005   0 
1 11  39 0 
1 11  39 0 
2 11  39 0 
2 10011  WTR063 0 
2 27  4 0 
2 27  3 0 
2 99   0 
1 99   0 
1 99   0 
2 99   0 
1 99   0 
2 99   0 
1 99   0 
2 99   0 
1 99   0 
2 10000   0 
2 10011  CRU027 0 
2 27  5 0 
2 27  3 0 
2 27  2 0 
2 27  2 0 
2 99   0 
1 99   0 
1 99   0 
2 99   0 
1 99   0 
2 99   0 
1 99   0 
2 19   5 0
2 10000   0 
2 19   5 2
2 10000   0 
2 19   5 2
2 10000   0 
2 19   5 2
2 10000   0 
2 19   5 2
2 10000   0 
2 19   5 3|4
2 29 CRU061  0 
2 29 WTR094  0 
2 29 WTR085  0 
2 99 0  0 
1 99 0  0 
1 10000   0 
1 10000   0 
1 10000   0 
1 10000   0 
1 10000   0 
2 99   0 
2 19   5 3|4
2 29 WTR085  0 
2 29 WTR094  0 
2 29 CRU061  0 
2 99 0  0 
1 99   0 
2 10002 0  0 
2 10011  CRU026 0 
2 10011  UPR203 0 
2 10011  UPR202 0 
2 27  2 0 
2 27  3 0 
2 27  2 0 
2 99   0 
1 99   0 
1 99   0 
2 99   0 
1 99   0 
2 99   0 
1 99   0 
2 16  THEIRCHAR-30 0 
2 10000   0 
2 100005   0 
2 100006   0 
2 27  2 0 
2 27  2 0 
2 27  2 0 
2 99   0 
1 99   0 
1 99   0 
2 99   0 
1 99   0 
2 99   0 
1 99   0 
2 16  THEIRCHAR-30 0 
2 10000   0 
2 27  3 0 
2 10000   0 
2 27  2 0 
2 27  2 0 
2 27  2 0 
2 99   0 
1 99   0 
1 99   0 
2 99   0 
1 99   0 
2 99   0 
1 100005   0 
1 100006   0 
1 99 0  0 
2 10000   0 
2 27  2 0 
2 27  2 0 
2 27  2 0 
2 99   0 
1 99   0 
1 99   0 
2 99   0 
1 99   0 
2 99   0 
1 99   0 
2 16  THEIRCHAR-30 0 
2 10000   0 
2 27  2 0 
2 27  2 0 
2 27  2 0 
2 99   0 
1 99   0 
1 99   0 
2 99   0 
1 99   0 
2 99   0 
1 99   0 
2 10000   0 
2 27  2 0 
2 27  2 0 
2 27  2 0 
2 99   0 
1 99   0 
1 99   0 
2 99   0 
1 99   0 
2 99   0 
1 99   0 
2 10000   0 
2 27  2 0 
2 27  3 0 
2 27  2 0 
2 99   0 
1 99   0 
1 99   0 
2 99   0 
1 99   0 
2 99   0 
1 99   0 
2 99   0 
1 99   0 
2 100005   0 
2 100006   0 
2 100005   0 
2 100006   0 
