20 1000
WTR215 OUT143 ARC188 WTR082
CRU054 WTR215 WTR159 CRU054 CRU074 WTR209 CRU060 CRU066 CRU063 WTR093 CRU066 WTR088 CRU069 OUT052 WTR167 WTR209 WTR159 OUT142 OUT143 ARC188 WTR093 WTR173 OUT154 WTR086 WTR173 WTR088 CRU060 WTR086 WTR092 OUT154 CRU069 OUT144 CRU074 CRU063 WTR167 WTR092
CRU046 2 0 0 0 1 0 0 0 2 WTR078 2 0 0 0 1 0 0 0 2 CRU049 2 0 0 0 1 0 0 0 2 OUT049 2 0 0 0 1 0 0 0 2 WTR150 2 1 0 0 1 0 0 0 2 WTR080 2 0 0 0 1 0 0 0 2 WTR154 2 0 0 0 1 0 0 0 2
0 0






0 0 0 0 0 0 0 0 DOWN 0 -1 0 0 0 0 0 0 -1 0 0 0 0 NA 0 0 0 - -1 0 0 0 0 0 0 - 0 0 0 0 0 0 - 0 - - 0 -1 0 0 0 0 0 - 0 0 0 0 0 -1 0 - 0 0 - 0 0



0 0 0 0 0 0 0 0 0 0 0 0


4 1 1 1 0 0 0 0 1 0 0 0 2 1 0 0 0 1 4 0 8 1 0 3
   

DUMMY 2 0 0 0 1 0 0 0 2 ROGUE002 2 0 0 0 1 0 0 0 2
0 0






0 0 0 0 0 0 0 0 DOWN 0 -1 0 0 0 0 0 0 -1 0 0 0 0 NA 0 0 0 - -1 0 0 0 0 0 0 - 0 0 0 0 0 0 - 0 - - 0 -1 0 0 0 0 0 - 0 0 0 0 0 -1 0 - 0 0 - 0 0



0 0 0 0 0 0 0 0 0 0 0 0


4 1 0 0 0 0 0 1 0 0 0 0 0 0 0 0 0 0 0 0 0 0 0 8

0
1
1
1
M 1 
1

0 0 0 0 0 0 0 GY NA 0 0 0 0 0 0 0 NA 0 0 -1 -1 NA 0 0 0 -1 0 0 0 0 - 0 0 0 0




0
0 M 1 - - - 0 0 -1

0 0
1

0

c3a979b59152b7b3de6803017448641bd8e9010527fcb4ce75d395907e7216f0
6de7f1bee141c905cf8d87d2cc8a700c7abea6d8f08964276689a79fc2199ee2
0
1

0


0
0
1682636507


-
