32 22
OUT162 OUT168 OUT021 UPR221
OUT024 ARC191 WTR215 OUT195 OUT013 OUT029 OUT015 OUT189 OUT027 OUT195 OUT024 WTR209 DYN131 OUT189 DYN120 OUT189 OUT028 ARC191 OUT028 WTR218 DYN120 OUT026 OUT013 UPR187 UPR221 WTR218 OUT027 OUT021 DYN120 WTR215 UPR187 OUT026 OUT195 UPR221 OUT027 OUT029 DYN131 OUT028 OUT029 OUT026 OUT162 WTR218 OUT168 OUT168 OUT015
OUT001 2 0 0 0 1 0 0 0 2 OUT009 2 0 0 0 1 0 0 0 2 DYN116 2 0 0 0 1 0 0 0 2 ARC150 2 0 0 0 1 0 0 0 2 WTR150 2 1 0 0 1 0 0 0 2 OUT174 2 0 0 0 1 0 0 0 2 WTR154 2 0 0 0 1 0 0 0 2
0 0
WTR215 DOWN 1 0 0 77


OUT162 OUT015 OUT024 DYN131 OUT021 UPR187 ARC191 WTR209 WTR209 UPR187

OUT013 - 51
0 0 0 0 0 0 0 0 DOWN 0 -1 0 0 0 0 0 0 -1 0 0 0 0 NA 0 0 0 - -1 0 0 0 0 0 0 - 0 0 0 0 0 0 - 0 - - 0 -1 0 0 0 0 0 - 0 0 0 0 0 -1 0 - 0 0 - 0 0


DYN116 1 0 0 OUT026 0 0 1 OUT009 1 0 0 OUT029 0 0 1 OUT028 1 0 0 OUT001 1 0 0 OUT015 0 1 1 OUT024 1 0 0 DYN131 1 0 0 OUT021 0 1 0 UPR187 2 0 0 OUT162 0 0 1 WTR218 0 0 1 ARC191 1 0 0 WTR150 1 0 0 WTR209 2 0 0 OUT168 0 0 2
0 0 0 0 0 0 0 0 0 0 0 0 8 4 1 0 2 1 4 2 0 3 0 0 3 0 2 0 0 1 0 0 0 3 0 0 6 3 1 0 2 0 2 0 0 0 0 0 10 10 3 0 1 0 2 0 0 0 0 0 6 1 1 0 2 0 2 0 2 0 0 0


0 1 0 1 0 0 0 1 0 0 0 0 0 0 0 0 0 0 0 0 0 0 0 0
EVR029 EVR160
WTR043 EVR021 WTR043 EVR021 MON247 MON247 WTR208 WTR208 CRU181 EVR026 CRU028 WTR050 WTR043 WTR050 EVR160 ELE205 WTR048 ELE205 EVR029 WTR044 WTR208 WTR047 WTR045 MON247 EVR022 UPR198 EVR160 CRU032 EVR029 WTR048 UPR197 CRU032 UPR198 CRU027 CRU188 EVR026 UPR199 EVR187 UPR199 ELE205 WTR045 CRU032 WTR066 WTR048 WTR045 EVR026 WTR050 WTR044 WTR047 EVR187
WTR038 2 0 0 0 999 0 0 0 2 ELE202 2 0 0 0 1 0 0 0 2 DYN027 2 0 0 0 1 0 0 0 2 DYN234 2 0 0 0 1 0 0 0 2 EVR020 2 0 0 0 1 0 0 0 2 CRU025 0 0 0 0 1 0 0 0 2 WTR158 0 0 0 0 1 0 0 0 2
0 0
EVR022 DOWN 1 0 0 3


EVR021 WTR066 EVR187 UPR198 UPR197 WTR158 CRU025 CRU027 WTR044 CRU188 UPR199 EVR022 WTR047 CRU027 CRU188


0 0 0 0 0 0 0 0 DOWN 0 -1 0 0 0 0 0 0 9 0 0 0 0 NA 0 0 0 - -1 0 0 0 0 0 0 - 0 0 0 0 0 0 - 0 - - 0 -1 0 0 0 0 0 - 0 0 0 0 0 -1 0 - 0 0 - 0 0


EVR187 1 0 1 EVR021 0 1 0 WTR066 0 1 0 UPR198 1 0 1 ELE202 1 0 0 EVR026 0 0 1 UPR197 0 1 0 WTR158 0 1 0 CRU025 0 1 0 WTR038 1 0 0 WTR045 0 0 1 CRU027 1 1 0 WTR044 0 1 0 CRU188 1 1 0 UPR199 1 0 0 EVR022 1 0 0 WTR047 0 0 1
0 0 1 0 0 0 0 0 2 0 0 0 4 1 1 0 1 2 3 0 0 6 2 0 10 7 1 0 2 1 4 1 0 4 1 0 0 0 3 0 2 1 6 0 0 3 0 0 0 0 0 0 0 0 0 0 4 0 0 0 0 0 0 0 0 2 0 0 0 5 0 0


0 1 1 0 0 0 0 1 0 0 0 0 0 0 0 0 0 0 0 0 28 1 0 0

0
2
2
6
M 1   HAND
1

0 -1 0 0 0 0 0 GY NA 0 0 0 0 0 0 0 NA 0 0 -1 -1 NA 0 0 0 -1 0 0 0 0 - 0 0 0 0
UPR187 2 -1 1 WTR075 2 -1 1



1
0 M 1  - - 0 0 -1

1 1
2

0

dc70dbe1fcbb52a2e8f14e19fe4861884b9af10afcac8644e5657291e6a02b3e
822a2e85fa8caaf7f802ee156acb01180240f64264bf7d7b4695f083b9a2cf27
9
1

0


31
491
1682559548


WTR075
