20 995
ARC069 ARC185 CRU135
ARC066 CRU123 EVR094 EVR094 EVR088 EVR088 ARC057 ARC043 ARC066 ARC072 ELE219 ARC045 CRU135 ARC069 ARC072 ARC051 ARC045 ARC057 CRU129 ELE219 ARC060 EVR091 ELE216 ARC185 CRU129 CRU123 ARC063 ELE215 ARC063 ELE215 ARC043 ARC186 ARC212 ARC186
ARC039 2 0 0 0 1 0 0 0 2 ARC040 1 0 0 0 0 0 0 0 2 OUT097 2 0 0 0 1 0 0 0 2 OUT175 2 0 0 0 1 0 0 0 2 OUT176 2 0 0 0 1 0 0 0 2 OUT177 2 0 0 0 1 0 0 0 2 OUT178 2 0 0 0 1 0 0 0 2
1 0



ELE216 ARC060 EVR091


0 0 0 0 0 0 0 2 DOWN -1 -1 1 0 0 0 0 0 21 0 0 0 0 NA 0 0 0 - -1 0 0 0 0 0 0 - 0 0 0 0 1 0 - 0 10 - 1 -1 0 0 0 0 0 - 0 0 0 0 0 7 2 EVR091 0 0 - 0 0


ARC040 2 0 0 ARC186 0 0 2 ELE216 0 1 0 ARC060 1 0 0 ARC212 0 0 1 EVR091 1 0 0
0 0 0 0 1 1 1 1 3 3 1 0 5 5 1 0 1 0 1 0 1 0 0 0 0 0 1 0 1 0 1 0 0 0 0 0


4 1 1 1 0 0 0 0 1 0 0 0 2 1 0 0 0 1 4 0 8 1 0 3


DUMMY 2 0 0 0 1 0 0 0 2 ROGUE002 2 0 0 0 1 0 0 0 2
0 0






0 0 0 0 0 0 0 0 DOWN 0 -1 0 0 0 0 0 0 -1 0 0 0 0 NA 0 0 0 - -1 0 0 0 0 0 0 - 0 0 0 0 0 0 - 0 - - 0 -1 0 0 0 0 0 - 0 0 0 0 0 -1 0 - 0 0 - 0 0


ROGUE002 1 0 0
2 0 0 0 0 0 0 0 0 0 0 0 0 0 0 0 0 0 0 0 0 0 0 0 0 0 0 0 0 0 0 0 0 0 0 0


4 1 0 0 0 0 0 1 0 0 0 0 0 0 0 0 0 0 0 0 0 0 0 8

0
1
1
3
ARS 1  ARC040 EQUIP
1

0 -1 0 0 0 0 0 GY NA 0 0 0 0 0 0 0 NA 0 0 -1 -1 NA 0 0 0 -1 0 0 0 0 - 0 0 0 0
EVR091 1 -1 1 EVR091-1 2 -1 1



5
0 M 1  - - 0 0 -1

0 0
1
ARC040 1 W -
0

30cfbacc0820345c63c8043a43bf9d9613577572c559ee4d2d0c9b18ffe08ce5
7cba74b1ccabc7fc8182f993b1293285fbb81f1af5081f7a1bb6df524636987e
21
1

0


25
0
1682859532


EVR091-1
